Ramp/elevation.asc
ncols        100
nrows        100
xllcorner    0.000000000000
yllcorner    0.000000000000
cellsize     30.000000000000
NODATA_value  -9999
[rows 0 to 47 of 100, columns 0 to 95 of 100]
15 15 15 15 15 15 15 15 15 15 15 15 15 15 15 15 15 15 15 15 15 15 15 15 15 15 15 15 15 15 15 15 15 15 15 15 15 15 15 15 20 25 31 36 41 46 51 57 62 67 72 78 83 88 93 98 104 109 114 119 124 130 135 140 145 150 156 161 166 171 176 182 187 192 197 203 208 213 218 223 229 234 239 244 249 255 260 265 270 275 281 286 291 296 302 307
15 15 15 15 15 15 15 15 15 15 15 15 15 15 15 15 15 15 15 15 15 15 15 15 15 15 15 15 15 15 15 15 15 15 15 15 15 15 15 15 20 25 31 36 41 46 51 57 62 67 72 78 83 88 93 98 104 109 114 119 124 130 135 140 145 150 156 161 166 171 176 182 187 192 197 203 208 213 218 223 229 234 239 244 249 255 260 265 270 275 281 286 291 296 302 307
15 15 15 15 15 15 15 15 15 15 15 15 15 15 15 15 15 15 15 15 15 15 15 15 15 15 15 15 15 15 15 15 15 15 15 15 15 15 15 15 20 25 31 36 41 46 51 57 62 67 72 78 83 88 93 98 104 109 114 119 124 130 135 140 145 150 156 161 166 171 176 182 187 192 197 203 208 213 218 223 229 234 239 244 249 255 260 265 270 275 281 286 291 296 302 307
15 15 15 15 15 15 15 15 15 15 15 15 15 15 15 15 15 15 15 15 15 15 15 15 15 15 15 15 15 15 15 15 15 15 15 15 15 15 15 15 20 25 31 36 41 46 51 57 62 67 72 78 83 88 93 98 104 109 114 119 124 130 135 140 145 150 156 161 166 171 176 182 187 192 197 203 208 213 218 223 229 234 239 244 249 255 260 265 270 275 281 286 291 296 302 307
15 15 15 15 15 15 15 15 15 15 15 15 15 15 15 15 15 15 15 15 15 15 15 15 15 15 15 15 15 15 15 15 15 15 15 15 15 15 15 15 20 25 31 36 41 46 51 57 62 67 72 78 83 88 93 98 104 109 114 119 124 130 135 140 145 150 156 161 166 171 176 182 187 192 197 203 208 213 218 223 229 234 239 244 249 255 260 265 270 275 281 286 291 296 302 307
15 15 15 15 15 15 15 15 15 15 15 15 15 15 15 15 15 15 15 15 15 15 15 15 15 15 15 15 15 15 15 15 15 15 15 15 15 15 15 15 20 25 31 36 41 46 51 57 62 67 72 78 83 88 93 98 104 109 114 119 124 130 135 140 145 150 156 161 166 171 176 182 187 192 197 203 208 213 218 223 229 234 239 244 249 255 260 265 270 275 281 286 291 296 302 307
15 15 15 15 15 15 15 15 15 15 15 15 15 15 15 15 15 15 15 15 15 15 15 15 15 15 15 15 15 15 15 15 15 15 15 15 15 15 15 15 20 25 31 36 41 46 51 57 62 67 72 78 83 88 93 98 104 109 114 119 124 130 135 140 145 150 156 161 166 171 176 182 187 192 197 203 208 213 218 223 229 234 239 244 249 255 260 265 270 275 281 286 291 296 302 307
15 15 15 15 15 15 15 15 15 15 15 15 15 15 15 15 15 15 15 15 15 15 15 15 15 15 15 15 15 15 15 15 15 15 15 15 15 15 15 15 20 25 31 36 41 46 51 57 62 67 72 78 83 88 93 98 104 109 114 119 124 130 135 140 145 150 156 161 166 171 176 182 187 192 197 203 208 213 218 223 229 234 239 244 249 255 260 265 270 275 281 286 291 296 302 307
15 15 15 15 15 15 15 15 15 15 15 15 15 15 15 15 15 15 15 15 15 15 15 15 15 15 15 15 15 15 15 15 15 15 15 15 15 15 15 15 20 25 31 36 41 46 51 57 62 67 72 78 83 88 93 98 104 109 114 119 124 130 135 140 145 150 156 161 166 171 176 182 187 192 197 203 208 213 218 223 229 234 239 244 249 255 260 265 270 275 281 286 291 296 302 307
15 15 15 15 15 15 15 15 15 15 15 15 15 15 15 15 15 15 15 15 15 15 15 15 15 15 15 15 15 15 15 15 15 15 15 15 15 15 15 15 20 25 31 36 41 46 51 57 62 67 72 78 83 88 93 98 104 109 114 119 124 130 135 140 145 150 156 161 166 171 176 182 187 192 197 203 208 213 218 223 229 234 239 244 249 255 260 265 270 275 281 286 291 296 302 307
15 15 15 15 15 15 15 15 15 15 15 15 15 15 15 15 15 15 15 15 15 15 15 15 15 15 15 15 15 15 15 15 15 15 15 15 15 15 15 15 20 25 31 36 41 46 51 57 62 67 72 78 83 88 93 98 104 109 114 119 124 130 135 140 145 150 156 161 166 171 176 182 187 192 197 203 208 213 218 223 229 234 239 244 249 255 260 265 270 275 281 286 291 296 302 307
15 15 15 15 15 15 15 15 15 15 15 15 15 15 15 15 15 15 15 15 15 15 15 15 15 15 15 15 15 15 15 15 15 15 15 15 15 15 15 15 20 25 31 36 41 46 51 57 62 67 72 78 83 88 93 98 104 109 114 119 124 130 135 140 145 150 156 161 166 171 176 182 187 192 197 203 208 213 218 223 229 234 239 244 249 255 260 265 270 275 281 286 291 296 302 307
15 15 15 15 15 15 15 15 15 15 15 15 15 15 15 15 15 15 15 15 15 15 15 15 15 15 15 15 15 15 15 15 15 15 15 15 15 15 15 15 20 25 31 36 41 46 51 57 62 67 72 78 83 88 93 98 104 109 114 119 124 130 135 140 145 150 156 161 166 171 176 182 187 192 197 203 208 213 218 223 229 234 239 244 249 255 260 265 270 275 281 286 291 296 302 307
15 15 15 15 15 15 15 15 15 15 15 15 15 15 15 15 15 15 15 15 15 15 15 15 15 15 15 15 15 15 15 15 15 15 15 15 15 15 15 15 20 25 31 36 41 46 51 57 62 67 72 78 83 88 93 98 104 109 114 119 124 130 135 140 145 150 156 161 166 171 176 182 187 192 197 203 208 213 218 223 229 234 239 244 249 255 260 265 270 275 281 286 291 296 302 307
15 15 15 15 15 15 15 15 15 15 15 15 15 15 15 15 15 15 15 15 15 15 15 15 15 15 15 15 15 15 15 15 15 15 15 15 15 15 15 15 20 25 31 36 41 46 51 57 62 67 72 78 83 88 93 98 104 109 114 119 124 130 135 140 145 150 156 161 166 171 176 182 187 192 197 203 208 213 218 223 229 234 239 244 249 255 260 265 270 275 281 286 291 296 302 307
15 15 15 15 15 15 15 15 15 15 15 15 15 15 15 15 15 15 15 15 15 15 15 15 15 15 15 15 15 15 15 15 15 15 15 15 15 15 15 15 20 25 31 36 41 46 51 57 62 67 72 78 83 88 93 98 104 109 114 119 124 130 135 140 145 150 156 161 166 171 176 182 187 192 197 203 208 213 218 223 229 234 239 244 249 255 260 265 270 275 281 286 291 296 302 307
15 15 15 15 15 15 15 15 15 15 15 15 15 15 15 15 15 15 15 15 15 15 15 15 15 15 15 15 15 15 15 15 15 15 15 15 15 15 15 15 20 25 31 36 41 46 51 57 62 67 72 78 83 88 93 98 104 109 114 119 124 130 135 140 145 150 156 161 166 171 176 182 187 192 197 203 208 213 218 223 229 234 239 244 249 255 260 265 270 275 281 286 291 296 302 307
15 15 15 15 15 15 15 15 15 15 15 15 15 15 15 15 15 15 15 15 15 15 15 15 15 15 15 15 15 15 15 15 15 15 15 15 15 15 15 15 20 25 31 36 41 46 51 57 62 67 72 78 83 88 93 98 104 109 114 119 124 130 135 140 145 150 156 161 166 171 176 182 187 192 197 203 208 213 218 223 229 234 239 244 249 255 260 265 270 275 281 286 291 296 302 307
15 15 15 15 15 15 15 15 15 15 15 15 15 15 15 15 15 15 15 15 15 15 15 15 15 15 15 15 15 15 15 15 15 15 15 15 15 15 15 15 20 25 31 36 41 46 51 57 62 67 72 78 83 88 93 98 104 109 114 119 124 130 135 140 145 150 156 161 166 171 176 182 187 192 197 203 208 213 218 223 229 234 239 244 249 255 260 265 270 275 281 286 291 296 302 307
15 15 15 15 15 15 15 15 15 15 15 15 15 15 15 15 15 15 15 15 15 15 15 15 15 15 15 15 15 15 15 15 15 15 15 15 15 15 15 15 20 25 31 36 41 46 51 57 62 67 72 78 83 88 93 98 104 109 114 119 124 130 135 140 145 150 156 161 166 171 176 182 187 192 197 203 208 213 218 223 229 234 239 244 249 255 260 265 270 275 281 286 291 296 302 307
15 15 15 15 15 15 15 15 15 15 15 15 15 15 15 15 15 15 15 15 15 15 15 15 15 15 15 15 15 15 15 15 15 15 15 15 15 15 15 15 20 25 31 36 41 46 51 57 62 67 72 78 83 88 93 98 104 109 114 119 124 130 135 140 145 150 156 161 166 171 176 182 187 192 197 203 208 213 218 223 229 234 239 244 249 255 260 265 270 275 281 286 291 296 302 307
15 15 15 15 15 15 15 15 15 15 15 15 15 15 15 15 15 15 15 15 15 15 15 15 15 15 15 15 15 15 15 15 15 15 15 15 15 15 15 15 20 25 31 36 41 46 51 57 62 67 72 78 83 88 93 98 104 109 114 119 124 130 135 140 145 150 156 161 166 171 176 182 187 192 197 203 208 213 218 223 229 234 239 244 249 255 260 265 270 275 281 286 291 296 302 307
15 15 15 15 15 15 15 15 15 15 15 15 15 15 15 15 15 15 15 15 15 15 15 15 15 15 15 15 15 15 15 15 15 15 15 15 15 15 15 15 20 25 31 36 41 46 51 57 62 67 72 78 83 88 93 98 104 109 114 119 124 130 135 140 145 150 156 161 166 171 176 182 187 192 197 203 208 213 218 223 229 234 239 244 249 255 260 265 270 275 281 286 291 296 302 307
15 15 15 15 15 15 15 15 15 15 15 15 15 15 15 15 15 15 15 15 15 15 15 15 15 15 15 15 15 15 15 15 15 15 15 15 15 15 15 15 20 25 31 36 41 46 51 57 62 67 72 78 83 88 93 98 104 109 114 119 124 130 135 140 145 150 156 161 166 171 176 182 187 192 197 203 208 213 218 223 229 234 239 244 249 255 260 265 270 275 281 286 291 296 302 307
15 15 15 15 15 15 15 15 15 15 15 15 15 15 15 15 15 15 15 15 15 15 15 15 15 15 15 15 15 15 15 15 15 15 15 15 15 15 15 15 20 25 31 36 41 46 51 57 62 67 72 78 83 88 93 98 104 109 114 119 124 130 135 140 145 150 156 161 166 171 176 182 187 192 197 203 208 213 218 223 229 234 239 244 249 255 260 265 270 275 281 286 291 296 302 307
15 15 15 15 15 15 15 15 15 15 15 15 15 15 15 15 15 15 15 15 15 15 15 15 15 15 15 15 15 15 15 15 15 15 15 15 15 15 15 15 20 25 31 36 41 46 51 57 62 67 72 78 83 88 93 98 104 109 114 119 124 130 135 140 145 150 156 161 166 171 176 182 187 192 197 203 208 213 218 223 229 234 239 244 249 255 260 265 270 275 281 286 291 296 302 307
15 15 15 15 15 15 15 15 15 15 15 15 15 15 15 15 15 15 15 15 15 15 15 15 15 15 15 15 15 15 15 15 15 15 15 15 15 15 15 15 20 25 31 36 41 46 51 57 62 67 72 78 83 88 93 98 104 109 114 119 124 130 135 140 145 150 156 161 166 171 176 182 187 192 197 203 208 213 218 223 229 234 239 244 249 255 260 265 270 275 281 286 291 296 302 307
15 15 15 15 15 15 15 15 15 15 15 15 15 15 15 15 15 15 15 15 15 15 15 15 15 15 15 15 15 15 15 15 15 15 15 15 15 15 15 15 20 25 31 36 41 46 51 57 62 67 72 78 83 88 93 98 104 109 114 119 124 130 135 140 145 150 156 161 166 171 176 182 187 192 197 203 208 213 218 223 229 234 239 244 249 255 260 265 270 275 281 286 291 296 302 307
15 15 15 15 15 15 15 15 15 15 15 15 15 15 15 15 15 15 15 15 15 15 15 15 15 15 15 15 15 15 15 15 15 15 15 15 15 15 15 15 20 25 31 36 41 46 51 57 62 67 72 78 83 88 93 98 104 109 114 119 124 130 135 140 145 150 156 161 166 171 176 182 187 192 197 203 208 213 218 223 229 234 239 244 249 255 260 265 270 275 281 286 291 296 302 307
15 15 15 15 15 15 15 15 15 15 15 15 15 15 15 15 15 15 15 15 15 15 15 15 15 15 15 15 15 15 15 15 15 15 15 15 15 15 15 15 20 25 31 36 41 46 51 57 62 67 72 78 83 88 93 98 104 109 114 119 124 130 135 140 145 150 156 161 166 171 176 182 187 192 197 203 208 213 218 223 229 234 239 244 249 255 260 265 270 275 281 286 291 296 302 307
15 15 15 15 15 15 15 15 15 15 15 15 15 15 15 15 15 15 15 15 15 15 15 15 15 15 15 15 15 15 15 15 15 15 15 15 15 15 15 15 20 25 31 36 41 46 51 57 62 67 72 78 83 88 93 98 104 109 114 119 124 130 135 140 145 150 156 161 166 171 176 182 187 192 197 203 208 213 218 223 229 234 239 244 249 255 260 265 270 275 281 286 291 296 302 307
15 15 15 15 15 15 15 15 15 15 15 15 15 15 15 15 15 15 15 15 15 15 15 15 15 15 15 15 15 15 15 15 15 15 15 15 15 15 15 15 20 25 31 36 41 46 51 57 62 67 72 78 83 88 93 98 104 109 114 119 124 130 135 140 145 150 156 161 166 171 176 182 187 192 197 203 208 213 218 223 229 234 239 244 249 255 260 265 270 275 281 286 291 296 302 307
15 15 15 15 15 15 15 15 15 15 15 15 15 15 15 15 15 15 15 15 15 15 15 15 15 15 15 15 15 15 15 15 15 15 15 15 15 15 15 15 20 25 31 36 41 46 51 57 62 67 72 78 83 88 93 98 104 109 114 119 124 130 135 140 145 150 156 161 166 171 176 182 187 192 197 203 208 213 218 223 229 234 239 244 249 255 260 265 270 275 281 286 291 296 302 307
15 15 15 15 15 15 15 15 15 15 15 15 15 15 15 15 15 15 15 15 15 15 15 15 15 15 15 15 15 15 15 15 15 15 15 15 15 15 15 15 20 25 31 36 41 46 51 57 62 67 72 78 83 88 93 98 104 109 114 119 124 130 135 140 145 150 156 161 166 171 176 182 187 192 197 203 208 213 218 223 229 234 239 244 249 255 260 265 270 275 281 286 291 296 302 307
15 15 15 15 15 15 15 15 15 15 15 15 15 15 15 15 15 15 15 15 15 15 15 15 15 15 15 15 15 15 15 15 15 15 15 15 15 15 15 15 20 25 31 36 41 46 51 57 62 67 72 78 83 88 93 98 104 109 114 119 124 130 135 140 145 150 156 161 166 171 176 182 187 192 197 203 208 213 218 223 229 234 239 244 249 255 260 265 270 275 281 286 291 296 302 307
15 15 15 15 15 15 15 15 15 15 15 15 15 15 15 15 15 15 15 15 15 15 15 15 15 15 15 15 15 15 15 15 15 15 15 15 15 15 15 15 20 25 31 36 41 46 51 57 62 67 72 78 83 88 93 98 104 109 114 119 124 130 135 140 145 150 156 161 166 171 176 182 187 192 197 203 208 213 218 223 229 234 239 244 249 255 260 265 270 275 281 286 291 296 302 307
15 15 15 15 15 15 15 15 15 15 15 15 15 15 15 15 15 15 15 15 15 15 15 15 15 15 15 15 15 15 15 15 15 15 15 15 15 15 15 15 20 25 31 36 41 46 51 57 62 67 72 78 83 88 93 98 104 109 114 119 124 130 135 140 145 150 156 161 166 171 176 182 187 192 197 203 208 213 218 223 229 234 239 244 249 255 260 265 270 275 281 286 291 296 302 307
15 15 15 15 15 15 15 15 15 15 15 15 15 15 15 15 15 15 15 15 15 15 15 15 15 15 15 15 15 15 15 15 15 15 15 15 15 15 15 15 20 25 31 36 41 46 51 57 62 67 72 78 83 88 93 98 104 109 114 119 124 130 135 140 145 150 156 161 166 171 176 182 187 192 197 203 208 213 218 223 229 234 239 244 249 255 260 265 270 275 281 286 291 296 302 307
15 15 15 15 15 15 15 15 15 15 15 15 15 15 15 15 15 15 15 15 15 15 15 15 15 15 15 15 15 15 15 15 15 15 15 15 15 15 15 15 20 25 31 36 41 46 51 57 62 67 72 78 83 88 93 98 104 109 114 119 124 130 135 140 145 150 156 161 166 171 176 182 187 192 197 203 208 213 218 223 229 234 239 244 249 255 260 265 270 275 281 286 291 296 302 307
15 15 15 15 15 15 15 15 15 15 15 15 15 15 15 15 15 15 15 15 15 15 15 15 15 15 15 15 15 15 15 15 15 15 15 15 15 15 15 15 20 25 31 36 41 46 51 57 62 67 72 78 83 88 93 98 104 109 114 119 124 130 135 140 145 150 156 161 166 171 176 182 187 192 197 203 208 213 218 223 229 234 239 244 249 255 260 265 270 275 281 286 291 296 302 307
15 15 15 15 15 15 15 15 15 15 15 15 15 15 15 15 15 15 15 15 15 15 15 15 15 15 15 15 15 15 15 15 15 15 15 15 15 15 15 15 20 25 31 36 41 46 51 57 62 67 72 78 83 88 93 98 104 109 114 119 124 130 135 140 145 150 156 161 166 171 176 182 187 192 197 203 208 213 218 223 229 234 239 244 249 255 260 265 270 275 281 286 291 296 302 307
15 15 15 15 15 15 15 15 15 15 15 15 15 15 15 15 15 15 15 15 15 15 15 15 15 15 15 15 15 15 15 15 15 15 15 15 15 15 15 15 20 25 31 36 41 46 51 57 62 67 72 78 83 88 93 98 104 109 114 119 124 130 135 140 145 150 156 161 166 171 176 182 187 192 197 203 208 213 218 223 229 234 239 244 249 255 260 265 270 275 281 286 291 296 302 307
15 15 15 15 15 15 15 15 15 15 15 15 15 15 15 15 15 15 15 15 15 15 15 15 15 15 15 15 15 15 15 15 15 15 15 15 15 15 15 15 20 25 31 36 41 46 51 57 62 67 72 78 83 88 93 98 104 109 114 119 124 130 135 140 145 150 156 161 166 171 176 182 187 192 197 203 208 213 218 223 229 234 239 244 249 255 260 265 270 275 281 286 291 296 302 307
15 15 15 15 15 15 15 15 15 15 15 15 15 15 15 15 15 15 15 15 15 15 15 15 15 15 15 15 15 15 15 15 15 15 15 15 15 15 15 15 20 25 31 36 41 46 51 57 62 67 72 78 83 88 93 98 104 109 114 119 124 130 135 140 145 150 156 161 166 171 176 182 187 192 197 203 208 213 218 223 229 234 239 244 249 255 260 265 270 275 281 286 291 296 302 307
15 15 15 15 15 15 15 15 15 15 15 15 15 15 15 15 15 15 15 15 15 15 15 15 15 15 15 15 15 15 15 15 15 15 15 15 15 15 15 15 20 25 31 36 41 46 51 57 62 67 72 78 83 88 93 98 104 109 114 119 124 130 135 140 145 150 156 161 166 171 176 182 187 192 197 203 208 213 218 223 229 234 239 244 249 255 260 265 270 275 281 286 291 296 302 307
15 15 15 15 15 15 15 15 15 15 15 15 15 15 15 15 15 15 15 15 15 15 15 15 15 15 15 15 15 15 15 15 15 15 15 15 15 15 15 15 20 25 31 36 41 46 51 57 62 67 72 78 83 88 93 98 104 109 114 119 124 130 135 140 145 150 156 161 166 171 176 182 187 192 197 203 208 213 218 223 229 234 239 244 249 255 260 265 270 275 281 286 291 296 302 307
15 15 15 15 15 15 15 15 15 15 15 15 15 15 15 15 15 15 15 15 15 15 15 15 15 15 15 15 15 15 15 15 15 15 15 15 15 15 15 15 20 25 31 36 41 46 51 57 62 67 72 78 83 88 93 98 104 109 114 119 124 130 135 140 145 150 156 161 166 171 176 182 187 192 197 203 208 213 218 223 229 234 239 244 249 255 260 265 270 275 281 286 291 296 302 307
15 15 15 15 15 15 15 15 15 15 15 15 15 15 15 15 15 15 15 15 15 15 15 15 15 15 15 15 15 15 15 15 15 15 15 15 15 15 15 15 20 25 31 36 41 46 51 57 62 67 72 78 83 88 93 98 104 109 114 119 124 130 135 140 145 150 156 161 166 171 176 182 187 192 197 203 208 213 218 223 229 234 239 244 249 255 260 265 270 275 281 286 291 296 302 307
