Galini-C#/arrivalTime.asc
ncols        126
nrows        126
xllcorner    0.000000000000
yllcorner    0.000000000000
cellsize     30.000000000000
NODATA_value  -9999
[rows 0 to 18 of 126, columns 41 to 81 of 126]
181.3085784912109375 179.178131103515625 177.0996551513671875 175.0760955810546875 173.1628875732421875 171.32061767578125 169.5508270263671875 167.8755645751953125 166.2690887451171875 164.750579833984375 163.3097686767578125 161.9805755615234375 160.76568603515625 159.646087646484375 158.60675048828125 157.72882080078125 156.9349212646484375 156.2709197998046875 155.7198486328125 155.291351318359375 154.9932708740234375 154.815216064453125 154.844879150390625 155.049530029296875 155.3820648193359375 155.829681396484375 156.4206390380859375 157.118255615234375 157.9322357177734375 158.850250244140625 159.9041900634765625 161.0444793701171875 162.283355712890625 163.647979736328125 165.1026458740234375 166.637298583984375 168.2678375244140625 169.9704132080078125 171.750030517578125 173.615509033203125 175.5352020263671875
176.41571044921875 174.23626708984375 172.1169281005859375 170.04620361328125 168.0540008544921875 166.16094970703125 164.3453369140625 162.6111297607421875 160.9536285400390625 159.3964080810546875 157.9163665771484375 156.5191802978515625 155.2662811279296875 154.11346435546875 153.054107666015625 152.1257476806640625 151.3104095458984375 150.6159210205078125 150.0367889404296875 149.59234619140625 149.286346435546875 149.1014556884765625 149.1328125 149.344146728515625 149.694671630859375 150.163726806640625 150.7667236328125 151.496185302734375 152.335205078125 153.3014678955078125 154.3737030029296875 155.560333251953125 156.832794189453125 158.2619781494140625 159.7599945068359375 161.3460845947265625 163.011199951171875 164.7697601318359375 166.60186767578125 168.5128021240234375 170.535858154296875
171.556365966796875 169.3365020751953125 167.1673431396484375 165.0549774169921875 162.989105224609375 161.032073974609375 159.1593017578125 157.3730926513671875 155.673736572265625 154.0584564208984375 152.53778076171875 151.0972442626953125 149.7882232666015625 148.59124755859375 147.504791259765625 146.527923583984375 145.6866455078125 144.9595489501953125 144.3592071533203125 143.902984619140625 143.5775909423828125 143.3860931396484375 143.4201202392578125 143.64239501953125 144.0055999755859375 144.4976654052734375 145.1121826171875 145.875030517578125 146.7397003173828125 147.7532806396484375 148.869720458984375 150.0877532958984375 151.4364471435546875 152.8901824951171875 154.42681884765625 156.072418212890625 157.7934417724609375 159.600433349609375 161.488494873046875 163.4798583984375 165.5523529052734375
166.75311279296875 164.46807861328125 162.25738525390625 160.0959625244140625 157.990020751953125 155.928680419921875 154.011932373046875 152.169586181640625 150.4118804931640625 148.74737548828125 147.1801910400390625 145.7005615234375 144.31939697265625 143.0852203369140625 141.95867919921875 140.9302825927734375 140.0635528564453125 139.3026275634765625 138.69146728515625 138.2120361328125 137.8670501708984375 137.6692047119140625 137.7055816650390625 137.9390411376953125 138.3148193359375 138.8301544189453125 139.4681549072265625 140.2630462646484375 141.15936279296875 142.2170867919921875 143.3664093017578125 144.6217041015625 146.0448150634765625 147.5449371337890625 149.1394500732421875 150.81915283203125 152.59613037109375 154.465484619140625 156.419403076171875 158.487823486328125 160.601409912109375
161.988067626953125 159.6624908447265625 157.377532958984375 155.176300048828125 153.022857666015625 150.926971435546875 148.899658203125 147.001190185546875 145.188385009765625 143.4685516357421875 141.8388519287109375 140.3166656494140625 138.87493896484375 137.5906982421875 136.4205169677734375 135.357879638671875 134.4508209228515625 133.653350830078125 133.02227783203125 132.519378662109375 132.156951904296875 131.95086669921875 131.9891815185546875 132.234161376953125 132.6254119873046875 133.1612396240234375 133.8385772705078125 134.654632568359375 135.60748291015625 136.68707275390625 137.8856964111328125 139.216339111328125 140.66937255859375 142.2101898193359375 143.868988037109375 145.61187744140625 147.4427490234375 149.3579559326171875 151.4201507568359375 153.5284423828125 155.6968231201171875
157.2831878662109375 154.8944854736328125 152.56976318359375 150.2908477783203125 148.0921173095703125 145.9470367431640625 143.8605804443359375 141.8689727783203125 139.9918365478515625 138.2082977294921875 136.5335540771484375 134.955657958984375 133.4757537841796875 132.1121673583984375 130.8988800048828125 129.803680419921875 128.84112548828125 128.0229034423828125 127.3513641357421875 126.825408935546875 126.45006561279296875 126.231170654296875 126.27085113525390625 126.52728271484375 126.93441009521484375 127.4986114501953125 128.209442138671875 129.052520751953125 130.05364990234375 131.1774444580078125 132.414093017578125 133.8193206787109375 135.3212738037109375 136.9261627197265625 138.62994384765625 140.4335784912109375 142.326995849609375 144.3526153564453125 146.4527740478515625 148.6120758056640625 150.82574462890625
152.6361236572265625 150.1882171630859375 147.79815673828125 145.473541259765625 143.20166015625 141.004974365234375 138.8701171875 136.79156494140625 134.8410797119140625 132.9982757568359375 131.2565155029296875 129.6105804443359375 128.0871429443359375 126.64312744140625 125.3875274658203125 124.25321197509765625 123.23691558837890625 122.392242431640625 121.684173583984375 121.132293701171875 120.74108123779296875 120.51016998291015625 120.55036163330078125 120.81829071044921875 121.240936279296875 121.834228515625 122.58022308349609375 123.4500732421875 124.51165771484375 125.67990875244140625 126.98450469970703125 128.44024658203125 129.9917449951171875 131.657012939453125 133.4223785400390625 135.2948455810546875 137.2841339111328125 139.374359130859375 141.525238037109375 143.72882080078125 146.0237884521484375
148.0557403564453125 145.5452880859375 143.09033203125 140.6989288330078125 138.3753814697265625 136.1094970703125 133.9149322509765625 131.7950286865234375 129.718963623046875 127.82126617431640625 126.0109405517578125 124.311676025390625 122.72263336181640625 121.241912841796875 119.8982696533203125 118.708740234375 117.64267730712890625 116.76033782958984375 116.01708984375 115.43604278564453125 115.02938079833984375 114.7863616943359375 114.82698822021484375 115.106597900390625 115.557281494140625 116.1670074462890625 116.9613800048828125 117.8929595947265625 118.9823760986328125 120.1978302001953125 121.58527374267578125 123.08889007568359375 124.70696258544921875 126.43389892578125 128.26531982421875 130.2114715576171875 132.2931060791015625 134.4355010986328125 136.6352081298828125 138.924591064453125 141.267578125
143.56060791015625 140.9772491455078125 138.451446533203125 135.991943359375 133.59686279296875 131.27435302734375 129.0146942138671875 126.82823944091796875 124.7179412841796875 122.682952880859375 120.80292510986328125 119.03568267822265625 117.37271881103515625 115.84827423095703125 114.41583251953125 113.1871185302734375 112.08319854736328125 111.13961029052734375 110.346832275390625 109.73900604248046875 109.31467437744140625 109.058807373046875 109.10276031494140625 109.3958892822265625 109.87890625 110.52373504638671875 111.34545135498046875 112.33467864990234375 113.46625518798828125 114.7446136474609375 116.20165252685546875 117.76459503173828125 119.44438934326171875 121.24590301513671875 123.1360626220703125 125.21552276611328125 127.3428192138671875 129.5403900146484375 131.822601318359375 134.1660614013671875 136.5754547119140625
139.12005615234375 136.4868316650390625 133.8947601318359375 131.3544158935546875 128.891448974609375 126.49185943603515625 124.170379638671875 121.91709136962890625 119.74164581298828125 117.6381988525390625 115.6480255126953125 113.80400848388671875 112.07964324951171875 110.47833251953125 108.99646759033203125 107.67620086669921875 106.52550506591796875 105.52108001708984375 104.69683837890625 104.057647705078125 103.59700775146484375 103.32888031005859375 103.37761688232421875 103.69142913818359375 104.1978759765625 104.88512420654296875 105.73003387451171875 106.78382110595703125 107.9717254638671875 109.340301513671875 110.8449249267578125 112.48000335693359375 114.2267608642578125 116.1007232666015625 118.13545989990234375 120.248138427734375 122.44280242919921875 124.71783447265625 127.06156158447265625 129.4752349853515625 131.9449005126953125
134.75701904296875 132.061981201171875 129.41815185546875 126.813507080078125 124.254180908203125 121.7871856689453125 119.38420867919921875 117.06275177001953125 114.8157958984375 112.6507720947265625 110.55202484130859375 108.61515045166015625 106.80739593505859375 105.12921142578125 103.597076416015625 102.1807708740234375 100.97290802001953125 99.9007568359375 99.0558624267578125 98.37358856201171875 97.87899017333984375 97.596832275390625 97.649383544921875 97.984649658203125 98.51802825927734375 99.24460601806640625 100.153106689453125 101.25289154052734375 102.48712921142578125 103.95063018798828125 105.52466583251953125 107.2304534912109375 109.06240081787109375 111.051055908203125 113.15761566162109375 115.3415679931640625 117.609954833984375 119.95365142822265625 122.3719329833984375 124.84455108642578125 127.4306640625
130.4722900390625 127.7189178466796875 125.01097869873046875 122.34674835205078125 119.73130035400390625 117.14994049072265625 114.67890167236328125 112.27191925048828125 109.950408935546875 107.71147918701171875 105.5553436279296875 103.46639251708984375 101.58350372314453125 99.8379364013671875 98.22076416015625 96.73488616943359375 95.4483795166015625 94.333740234375 93.41265869140625 92.68885040283203125 92.1689910888671875 91.86305999755859375 91.91796112060546875 92.274688720703125 92.8376922607421875 93.6155853271484375 94.5882110595703125 95.73635101318359375 97.08221435546875 98.58551025390625 100.23836517333984375 102.02813720703125 103.95922088623046875 106.0624847412109375 108.23600006103515625 110.498199462890625 112.84178924560546875 115.2647552490234375 117.75844573974609375 120.35048675537109375 122.97467041015625
126.29033660888671875 123.45169830322265625 120.6878662109375 117.959228515625 115.2716064453125 112.645965576171875 110.05136871337890625 107.56717681884765625 105.1549835205078125 102.833343505859375 100.6031646728515625 98.4621429443359375 96.42072296142578125 94.57904052734375 92.87433624267578125 91.33141326904296875 89.93767547607421875 88.76923370361328125 87.78105926513671875 87.004974365234375 86.455902099609375 86.12793731689453125 86.1831512451171875 86.56158447265625 87.1603851318359375 87.98577880859375 89.026824951171875 90.23239898681640625 91.68537139892578125 93.27223968505859375 95.00263214111328125 96.87184906005859375 98.9631805419921875 101.1260986328125 103.38175201416015625 105.72524261474609375 108.153594970703125 110.6687469482421875 113.2653350830078125 115.90082550048828125 118.60263824462890625
122.1959075927734375 119.31490325927734375 116.46147918701171875 113.65869140625 110.9034576416015625 108.1988525390625 105.556365966796875 102.95709228515625 100.45043182373046875 98.0334625244140625 95.71148681640625 93.4898681640625 91.36052703857421875 89.37516021728515625 87.5811920166015625 85.94858551025390625 84.4575958251953125 83.21349334716796875 82.14768218994140625 81.32089996337890625 80.7397308349609375 80.3876953125 80.4485626220703125 80.8516693115234375 81.51100921630859375 82.381439208984375 83.49404144287109375 84.80876922607421875 86.3134765625 87.99383544921875 89.822021484375 91.8624725341796875 94.01285552978515625 96.2606201171875 98.6041259765625 101.03800201416015625 103.5753936767578125 106.18415069580078125 108.843170166015625 111.55850982666015625 114.31805419921875
118.18343353271484375 115.258636474609375 112.348907470703125 109.47759246826171875 106.62709808349609375 103.861785888671875 101.1359100341796875 98.4698486328125 95.85900115966796875 93.3289642333984375 90.90711212158203125 88.583404541015625 86.3750762939453125 84.250244140625 82.33745574951171875 80.6076202392578125 79.049652099609375 77.682525634765625 76.5537872314453125 75.6683349609375 75.0204315185546875 74.645660400390625 74.7151336669921875 75.15703582763671875 75.85919189453125 76.81182861328125 77.97617340087890625 79.4054718017578125 81.00638580322265625 82.77666473388671875 84.7558135986328125 86.8954925537109375 89.13448333740234375 91.47850799560546875 93.91535186767578125 96.4795989990234375 99.09815216064453125 101.779876708984375 104.51837158203125 107.30553436279296875 110.1599273681640625
114.3146820068359375 111.314239501953125 108.32598876953125 105.40224456787109375 102.5001983642578125 99.63661956787109375 96.82035064697265625 94.06851959228515625 91.37894439697265625 88.7573699951171875 86.20200347900390625 83.7756500244140625 81.4477996826171875 79.26345062255859375 77.14850616455078125 75.31703948974609375 73.66139984130859375 72.16420745849609375 70.9801483154296875 70.01227569580078125 69.3137359619140625 68.9006805419921875 68.975738525390625 69.45798492431640625 70.215789794921875 71.2433013916015625 72.51647186279296875 74.02996826171875 75.74297332763671875 77.641204833984375 79.773651123046875 82.00107574462890625 84.34759521484375 86.78816986083984375 89.37720489501953125 92.00743865966796875 94.71612548828125 97.479888916015625 100.3164520263671875 103.1858367919921875 106.09845733642578125
110.54431915283203125 107.4801177978515625 104.45142364501953125 101.4480133056640625 98.46192169189453125 95.5399169921875 92.64737701416015625 89.783477783203125 87.0087890625 84.28858184814453125 81.64786529541015625 79.0699920654296875 76.6370697021484375 74.32115936279296875 72.1471405029296875 70.0953216552734375 68.3236236572265625 66.7480316162109375 65.41649627685546875 64.35507965087890625 63.5982666015625 63.14116668701171875 63.218235015869140625 63.743133544921875 64.56746673583984375 65.70059967041015625 67.10663604736328125 68.7237091064453125 70.537841796875 72.65314483642578125 74.8632354736328125 77.2105712890625 79.65607452392578125 82.272308349609375 84.93401336669921875 87.66541290283203125 90.4659423828125 93.33081817626953125 96.2335968017578125 99.16283416748046875 102.16071319580078125
106.90529632568359375 103.78502655029296875 100.6907196044921875 97.60677337646484375 94.5791015625 91.56812286376953125 88.58943939208984375 85.66766357421875 82.78807830810546875 79.9517974853515625 77.2103424072265625 74.54126739501953125 71.93071746826171875 69.49401092529296875 67.18482208251953125 65.01465606689453125 63.034328460693359375 61.324329376220703125 59.827426910400390625 58.662822723388671875 57.810619354248046875 57.29825592041015625 57.391315460205078125 57.9844970703125 58.928829193115234375 60.155910491943359375 61.7107696533203125 63.46891021728515625 65.52445220947265625 67.71746063232421875 70.0678558349609375 72.5416717529296875 75.169708251953125 77.85636138916015625 80.6087799072265625 83.47156524658203125 86.362457275390625 89.2863616943359375 92.28249359130859375 95.30005645751953125 98.3414154052734375
103.41565704345703125 100.238128662109375 97.078887939453125 93.93610382080078125 90.83269500732421875 87.7420654296875 84.69765472412109375 81.68312835693359375 78.7060089111328125 75.78945159912109375 72.91197967529296875 70.12851715087890625 67.42816925048828125 64.78568267822265625 62.328876495361328125 60.000591278076171875 57.782024383544921875 55.8728790283203125 54.215724945068359375 52.87589263916015625 51.888362884521484375 51.299732208251953125 51.40793609619140625 52.094890594482421875 53.16168212890625 54.592914581298828125 56.305011749267578125 58.309185028076171875 60.532176971435546875 62.906467437744140625 65.41707611083984375 68.0565338134765625 70.78619384765625 73.599212646484375 76.4810791015625 79.40354156494140625 82.39837646484375 85.4190826416015625 88.477813720703125 91.5710906982421875 94.68474578857421875
