Galini-C#/arrivalTime.asc
ncols        126
nrows        126
xllcorner    0.000000000000
yllcorner    0.000000000000
cellsize     30.000000000000
NODATA_value  -9999
[rows 76 to 94 of 126, columns 0 to 40 of 126]
158.6457366943359375 156.0696563720703125 153.5106658935546875 150.9701385498046875 148.4500579833984375 145.9467620849609375 143.4609375 140.9934539794921875 138.5453033447265625 136.118377685546875 133.7125396728515625 131.3320465087890625 128.973175048828125 126.63649749755859375 124.323516845703125 122.03708648681640625 119.77462005615234375 117.536712646484375 115.32784271240234375 113.1450653076171875 110.99457550048828125 108.868560791015625 106.77341461181640625 104.713653564453125 102.68408203125 100.68701934814453125 98.72674560546875 96.7984771728515625 94.90816497802734375 93.0549163818359375 91.241912841796875 89.46900177001953125 87.73403167724609375 86.04380035400390625 84.3912200927734375 82.78656005859375 81.21874237060546875 79.70154571533203125 78.23397064208984375 76.814300537109375 75.43892669677734375
158.3801727294921875 155.82623291015625 153.2888336181640625 150.7726287841796875 148.271148681640625 145.78863525390625 143.3232574462890625 140.8766021728515625 138.4515533447265625 136.0471649169921875 133.6670989990234375 131.308807373046875 128.9717559814453125 126.6590118408203125 124.37154388427734375 122.1062774658203125 119.86721038818359375 117.65491485595703125 115.470489501953125 113.31357574462890625 111.18311309814453125 109.08211517333984375 107.01386260986328125 104.9783935546875 102.976531982421875 101.0062103271484375 99.066497802734375 97.16583251953125 95.30040740966796875 93.473541259765625 91.68546295166015625 89.93631744384765625 88.22734832763671875 86.5590667724609375 84.93404388427734375 83.34886932373046875 81.80791473388671875 80.3139495849609375 78.87061309814453125 77.4713592529296875 76.11957550048828125
158.1417694091796875 155.608306884765625 153.0948333740234375 150.5957183837890625 148.116058349609375 145.6528778076171875 143.207763671875 140.7847747802734375 138.3824462890625 136.0017547607421875 133.6438140869140625 131.306671142578125 128.9933319091796875 126.70456695556640625 124.43744659423828125 122.19690704345703125 119.9822235107421875 117.795318603515625 115.63181304931640625 113.49930572509765625 111.39311981201171875 109.317352294921875 107.2773284912109375 105.2665252685546875 103.28772735595703125 101.33889007568359375 99.42596435546875 97.5513916015625 95.712615966796875 93.90760040283203125 92.1439208984375 90.41931915283203125 88.73514556884765625 87.087921142578125 85.4876861572265625 83.9225616455078125 82.40708160400390625 80.9390869140625 79.51751708984375 78.13680267333984375 76.809173583984375
157.927520751953125 155.4167327880859375 152.9220733642578125 150.4431610107421875 147.9821319580078125 145.53887939453125 143.1174163818359375 140.71630859375 138.3359832763671875 135.978607177734375 133.641082763671875 131.3274688720703125 129.037811279296875 126.7693328857421875 124.52626800537109375 122.310089111328125 120.11835479736328125 117.95323944091796875 115.81537628173828125 113.7047271728515625 111.62322998046875 109.57605743408203125 107.5585174560546875 105.5703582763671875 103.61252593994140625 101.69012451171875 99.80428314208984375 97.9534454345703125 96.13678741455078125 94.35526275634765625 92.61664581298828125 90.91485595703125 89.25356292724609375 87.632598876953125 86.05200958251953125 84.5125885009765625 83.018646240234375 81.574493408203125 80.17095947265625 78.814910888671875 77.50559234619140625
157.7395172119140625 155.247833251953125 152.769775390625 150.3112945556640625 147.8698272705078125 145.4495697021484375 143.0498199462890625 140.670257568359375 138.3131256103515625 135.9752349853515625 133.661529541015625 131.3702239990234375 129.101226806640625 126.855865478515625 124.63774871826171875 122.44092559814453125 120.27434539794921875 118.13134765625 116.01666259765625 113.92913818359375 111.87722015380859375 109.85160064697265625 107.853668212890625 105.8898773193359375 103.9553985595703125 102.06182098388671875 100.19634246826171875 98.36856842041015625 96.57645416259765625 94.81865692138671875 93.10477447509765625 91.42528533935546875 89.7861480712890625 88.18881988525390625 86.62642669677734375 85.11165618896484375 83.64345550537109375 82.218505859375 80.83538818359375 79.4999237060546875 78.21331787109375
157.5722503662109375 155.0966796875 152.640411376953125 150.2009735107421875 147.7823333740234375 145.3831939697265625 143.0039520263671875 140.6473236083984375 138.3091583251953125 135.9950714111328125 133.7023468017578125 131.432952880859375 129.18463134765625 126.963470458984375 124.76424407958984375 122.59487152099609375 120.44854736328125 118.3287811279296875 116.23677825927734375 114.1771392822265625 112.14514923095703125 110.143585205078125 108.1677398681640625 106.2262420654296875 104.31743621826171875 102.44463348388671875 100.60501861572265625 98.80037689208984375 97.03023529052734375 95.29620361328125 93.60443115234375 91.94800567626953125 90.3307952880859375 88.7539825439453125 87.2164459228515625 85.72286224365234375 84.27672576904296875 82.870574951171875 81.5098419189453125 80.19429779052734375 78.926055908203125
157.423095703125 154.9691619873046875 152.53155517578125 150.1136322021484375 147.7160186767578125 145.3374481201171875 142.9812164306640625 140.6427154541015625 138.3282623291015625 136.03424072265625 133.7639617919921875 131.514251708984375 129.2895050048828125 127.09046173095703125 124.9151153564453125 122.76529693603515625 120.64073944091796875 118.543548583984375 116.47588348388671875 114.44203948974609375 112.43109893798828125 110.4495391845703125 108.4973907470703125 106.57978057861328125 104.69724273681640625 102.84635162353515625 101.028411865234375 99.24462127685546875 97.49774932861328125 95.7893829345703125 94.11539459228515625 92.48337554931640625 90.88881683349609375 89.329803466796875 87.8155670166015625 86.34665679931640625 84.91950225830078125 83.5328826904296875 82.18976593017578125 80.8984375 79.65131378173828125
157.2975006103515625 154.86151123046875 152.445068359375 150.04888916015625 147.67071533203125 145.3147125244140625 142.97625732421875 140.6612701416015625 138.36572265625 136.0948944091796875 133.84442138671875 131.6163787841796875 129.41595458984375 127.2353973388671875 125.082244873046875 122.95412445068359375 120.85211181640625 118.77880859375 116.73715972900390625 114.72092437744140625 112.731201171875 110.7716064453125 108.84344482421875 106.9541168212890625 105.08960723876953125 103.25989532470703125 101.46466827392578125 99.70294952392578125 97.97978973388671875 96.29373931884765625 94.64186859130859375 93.029571533203125 91.4554901123046875 89.9195556640625 88.426361083984375 86.9791717529296875 85.5704193115234375 84.20421600341796875 82.88370513916015625 81.60607147216796875 80.38056182861328125
157.191375732421875 154.7765350341796875 152.3811492919921875 150.0035552978515625 147.64801025390625 145.3095855712890625 142.99395751953125 140.69696044921875 138.42584228515625 136.173919677734375 133.94390869140625 131.73980712890625 129.557373046875 127.39934539794921875 125.26717376708984375 123.1610260009765625 121.08132171630859375 119.03456878662109375 117.01129150390625 115.014434814453125 113.04793548583984375 111.1115875244140625 109.20703887939453125 107.33727264404296875 105.494781494140625 103.68907928466796875 101.91466522216796875 100.1759490966796875 98.47345733642578125 96.8078765869140625 95.18024444580078125 93.58826446533203125 92.03231048583984375 90.51871490478515625 89.0494232177734375 87.61917877197265625 86.2304229736328125 84.8834381103515625 83.58284759521484375 82.3278045654296875 81.12099456787109375
157.1081085205078125 154.7130889892578125 152.3361968994140625 149.980987548828125 147.642547607421875 145.3264617919921875 143.0279388427734375 140.7559661865234375 138.502716064453125 136.2710418701171875 134.063812255859375 131.8790740966796875 129.71673583984375 127.58139801025390625 125.47039031982421875 123.3851776123046875 121.3325042724609375 119.3021087646484375 117.30156707763671875 115.3261566162109375 113.380950927734375 111.46768951416015625 109.58725738525390625 107.73586273193359375 105.91620635986328125 104.13071441650390625 102.37679290771484375 100.66295623779296875 98.98226165771484375 97.33544921875 95.72833251953125 94.15625762939453125 92.6220550537109375 91.12933349609375 89.6803436279296875 88.270263671875 86.89757537841796875 85.57311248779296875 84.29045867919921875 83.05389404296875 81.86395263671875
157.0443878173828125 154.6684417724609375 152.3135833740234375 149.9752349853515625 147.6587066650390625 145.35968017578125 143.0859375 140.8316192626953125 138.59808349609375 136.388275146484375 134.2004241943359375 132.0359344482421875 129.8955078125 127.7806854248046875 125.6905517578125 123.6290283203125 121.5974884033203125 119.58758544921875 117.6064910888671875 115.65163421630859375 113.72934722900390625 111.84177398681640625 109.97818756103515625 108.14801788330078125 106.34986114501953125 104.585693359375 102.85393524169921875 101.1599273681640625 99.4998779296875 97.87627410888671875 96.28719329833984375 94.7342529296875 93.221221923828125 91.751251220703125 90.318939208984375 88.92765045166015625 87.5770263671875 86.2675628662109375 85.004058837890625 83.78820037841796875 82.6110076904296875
157.0003814697265625 154.64593505859375 152.3076171875 149.99066162109375 147.69122314453125 145.415802001953125 143.1600799560546875 140.9246673583984375 138.7130584716796875 136.52178955078125 134.35498046875 132.2109222412109375 130.090728759765625 127.99607086181640625 125.9303436279296875 123.891143798828125 121.87612152099609375 119.8863372802734375 117.92527008056640625 115.9940643310546875 114.0937652587890625 112.2249908447265625 110.38217926025390625 108.5753631591796875 106.7969818115234375 105.05361175537109375 103.34581756591796875 101.67015838623046875 100.028228759765625 98.42665863037109375 96.85654449462890625 95.32382965087890625 93.83150482177734375 92.38132476806640625 90.969024658203125 89.59299468994140625 88.26116180419921875 86.97423553466796875 85.7283782958984375 84.526763916015625 83.3672027587890625
156.9779815673828125 154.639678955078125 152.3223114013671875 150.0224609375 147.745361328125 145.4881744384765625 143.251373291015625 141.037841796875 138.84307861328125 136.6734771728515625 134.5258636474609375 132.4022216796875 130.303436279296875 128.23138427734375 126.1856842041015625 124.1653594970703125 122.1692962646484375 120.20146942138671875 118.26155853271484375 116.35227203369140625 114.4739990234375 112.62322998046875 110.80200958251953125 109.0146484375 107.25638580322265625 105.534912109375 103.84714508056640625 102.19110870361328125 100.572052001953125 98.98528289794921875 97.4354705810546875 95.92307281494140625 94.452667236328125 93.01911163330078125 91.6245574951171875 90.2692718505859375 88.95551300048828125 87.680999755859375 86.45501708984375 85.27201080322265625 84.126922607421875
156.971435546875 154.653656005859375 152.35333251953125 150.07550048828125 147.816131591796875 145.577850341796875 143.3618621826171875 141.1657562255859375 138.991668701171875 136.8413848876953125 134.7138214111328125 132.6108245849609375 130.5318145751953125 128.4825897216796875 126.45456695556640625 124.454803466796875 122.47942352294921875 120.53021240234375 118.61251068115234375 116.7270050048828125 114.8646240234375 113.03406524658203125 111.2343902587890625 109.466522216796875 107.730255126953125 106.0281219482421875 104.35758209228515625 102.7231292724609375 101.124114990234375 99.55626678466796875 98.02500152587890625 96.53311920166015625 95.08133697509765625 93.66729736328125 92.288299560546875 90.948944091796875 89.65596771240234375 88.40228271484375 87.193023681640625 86.0213775634765625 84.8936309814453125
156.9846954345703125 154.6839447021484375 152.405426025390625 150.1437225341796875 147.903900146484375 145.6854095458984375 143.4882965087890625 141.31085205078125 139.1569366455078125 137.02606201171875 134.918487548828125 132.8360748291015625 130.779205322265625 128.7480316162109375 126.73989105224609375 124.75823211669921875 122.80200958251953125 120.8743743896484375 118.97833251953125 117.1105194091796875 115.267486572265625 113.4597320556640625 111.67938232421875 109.92951202392578125 108.2161865234375 106.53383636474609375 104.88253021240234375 103.26700592041015625 101.683746337890625 100.13604736328125 98.6242523193359375 97.15328216552734375 95.71884918212890625 94.320556640625 92.96125030517578125 91.642120361328125 90.36304473876953125 89.12697601318359375 87.93338775634765625 86.7779388427734375 85.6641082763671875
157.0142669677734375 154.7349395751953125 152.47216796875 150.2297210693359375 148.00885009765625 145.8105926513671875 143.6308135986328125 141.472198486328125 139.3390350341796875 137.2277984619140625 135.1406402587890625 133.076324462890625 131.041107177734375 129.027496337890625 127.0368499755859375 125.075653076171875 123.1405029296875 121.2346343994140625 119.35848236083984375 117.5084228515625 115.68679046630859375 113.8966522216796875 112.13568115234375 110.40642547607421875 108.71014404296875 107.04718780517578125 105.417236328125 103.82105255126953125 102.25528717041015625 100.7254638671875 99.23394012451171875 97.78084564208984375 96.36499786376953125 94.98294830322265625 93.640289306640625 92.337066650390625 91.07595062255859375 89.8586273193359375 88.6791229248046875 87.5391845703125 86.44216156005859375
157.0641632080078125 154.8005523681640625 152.55645751953125 150.3328399658203125 148.132568359375 145.9504852294921875 143.789794921875 141.6519012451171875 139.5364532470703125 137.44384765625 135.376373291015625 133.33392333984375 131.3155059814453125 129.32025146484375 127.35071563720703125 125.40790557861328125 123.49346160888671875 121.610076904296875 119.74889373779296875 117.91815185546875 116.11745452880859375 114.3453521728515625 112.604522705078125 110.8970184326171875 109.2198944091796875 107.57352447509765625 105.96144866943359375 104.381927490234375 102.83591461181640625 101.32474517822265625 99.853515625 98.417724609375 97.01616668701171875 95.65244293212890625 94.3284912109375 93.04470062255859375 91.7996978759765625 90.596588134765625 89.43082427978515625 88.3066558837890625 87.2246856689453125
157.12860107421875 154.8832855224609375 152.6578521728515625 150.4543609619140625 148.2702484130859375 146.107086181640625 143.9654541015625 141.8454742431640625 139.7494049072265625 137.6768646240234375 135.62945556640625 133.6038970947265625 131.6048126220703125 129.628662109375 127.67694091796875 125.7532501220703125 123.8607940673828125 121.99393463134765625 120.15119171142578125 118.34198760986328125 116.559722900390625 114.80487060546875 113.084747314453125 111.39551544189453125 109.73656463623046875 108.110687255859375 106.51723480224609375 104.9536590576171875 103.42528533935546875 101.9341583251953125 100.47956085205078125 99.06206512451171875 97.67696380615234375 96.3309173583984375 95.02272796630859375 93.75122833251953125 92.52446746826171875 91.339080810546875 90.18817901611328125 89.07862091064453125 88.0081939697265625
157.2098236083984375 154.982635498046875 152.776702880859375 150.58966064453125 148.4240264892578125 146.2786712646484375 144.15570068359375 142.055511474609375 139.977325439453125 137.9250030517578125 135.895965576171875 133.8891448974609375 131.90655517578125 129.9485321044921875 128.018035888671875 126.1150970458984375 124.2408905029296875 122.39151763916015625 120.56931304931640625 118.77648162841796875 117.013031005859375 115.2792205810546875 113.57753753662109375 111.90543365478515625 110.26385498046875 108.65515899658203125 107.07950592041015625 105.5351409912109375 104.0245819091796875 102.5529632568359375 101.1159515380859375 99.7128143310546875 98.34288787841796875 97.01457977294921875 95.72502899169921875 94.4722747802734375 93.26114654541015625 92.0855255126953125 90.95128631591796875 89.85607147216796875 88.7987213134765625
