Galini-C#/arrivalTime.asc
ncols        126
nrows        126
xllcorner    0.000000000000
yllcorner    0.000000000000
cellsize     30.000000000000
NODATA_value  -9999
[rows 38 to 56 of 126, columns 82 to 122 of 126]
58.625362396240234375 61.5048065185546875 64.38956451416015625 67.28421783447265625 70.2120513916015625 73.16661834716796875 76.151947021484375 79.15329742431640625 82.183349609375 85.2283935546875 88.29453277587890625 91.365142822265625 94.4620819091796875 97.569305419921875 100.69097900390625 103.82326507568359375 106.958892822265625 110.11347198486328125 113.27283477783203125 116.43968963623046875 119.61344146728515625 122.78928375244140625 125.9742431640625 129.167755126953125 132.3640289306640625 135.569915771484375 138.7778472900390625 141.99169921875 145.211578369140625 148.4331512451171875 151.6606597900390625 154.887420654296875 158.1195831298828125 161.359039306640625 164.598480224609375 167.8396148681640625 171.08209228515625 174.3290863037109375 177.575592041015625 180.828338623046875 184.0854339599609375
58.108612060546875 60.92980194091796875 63.7569732666015625 66.60660552978515625 69.4876556396484375 72.38307952880859375 75.3127288818359375 78.26908111572265625 81.25440216064453125 84.25263214111328125 87.2787017822265625 90.3191375732421875 93.38082122802734375 96.44814300537109375 99.53667449951171875 102.63672637939453125 105.7435302734375 108.8713226318359375 112.00201416015625 115.1401824951171875 118.29193878173828125 121.45000457763671875 124.61469268798828125 127.7866058349609375 130.96234130859375 134.1411895751953125 137.3315277099609375 140.526153564453125 143.726531982421875 146.9315032958984375 150.138092041015625 153.3546142578125 156.572967529296875 159.79412841796875 163.0189208984375 166.2461090087890625 169.477142333984375 172.71331787109375 175.9488525390625 179.1884765625 182.4295806884765625
57.681804656982421875 60.44326019287109375 63.217067718505859375 66.0073089599609375 68.83728790283203125 71.692352294921875 74.5799560546875 77.483551025390625 80.41730499267578125 83.37158966064453125 86.35561370849609375 89.35163116455078125 92.3741302490234375 95.4105682373046875 98.46518707275390625 101.5326080322265625 104.608856201171875 107.69966888427734375 110.8057861328125 113.91796112060546875 117.04424285888671875 120.17697906494140625 123.31787109375 126.4653778076171875 129.622711181640625 132.7859649658203125 135.9556427001953125 139.1301116943359375 142.3042755126953125 145.4930419921875 148.684661865234375 151.8796234130859375 155.0818328857421875 158.286529541015625 161.49468994140625 164.710113525390625 167.9275360107421875 171.1477813720703125 174.370574951171875 177.595916748046875 180.8250885009765625
57.34795379638671875 60.04883575439453125 62.75801849365234375 65.49420928955078125 68.27165985107421875 71.0745849609375 73.91197967529296875 76.77471923828125 79.66596221923828125 82.57553863525390625 85.5131378173828125 88.47006988525390625 91.4527740478515625 94.44942474365234375 97.46862030029296875 100.503173828125 103.549468994140625 106.61163330078125 109.67852020263671875 112.766845703125 115.863677978515625 118.96710968017578125 122.08646392822265625 125.214080810546875 128.345916748046875 131.4889373779296875 134.635406494140625 137.791748046875 140.95330810546875 144.1209716796875 147.2940673828125 150.463623046875 153.6508331298828125 156.839508056640625 160.03125 163.2301177978515625 166.4314727783203125 169.634735107421875 172.8452606201171875 176.0589447021484375 179.274749755859375
57.09255218505859375 59.732818603515625 62.3908843994140625 65.071075439453125 67.788970947265625 70.5373687744140625 73.3204193115234375 76.13727569580078125 78.9814300537109375 81.85492706298828125 84.74826812744140625 87.66590118408203125 90.6062164306640625 93.56732177734375 96.5479278564453125 99.54369354248046875 102.558502197265625 105.58907318115234375 108.62963104248046875 111.68706512451171875 114.7531585693359375 117.831634521484375 120.91963958740234375 124.022216796875 127.13111114501953125 130.2513885498046875 133.380096435546875 136.50994873046875 139.6539764404296875 142.8016815185546875 145.9557342529296875 149.1161346435546875 152.281982421875 155.4538726806640625 158.624359130859375 161.8075103759765625 164.9913482666015625 168.1810760498046875 171.374481201171875 174.5727996826171875 177.77423095703125
56.915775299072265625 59.48918914794921875 62.089939117431640625 64.716796875 67.3741455078125 70.073394775390625 72.80760955810546875 75.5802764892578125 78.37693023681640625 81.20645904541015625 84.06089019775390625 86.940521240234375 89.83452606201171875 92.7547454833984375 95.6978607177734375 98.65948486328125 101.6398162841796875 104.63397979736328125 107.64608001708984375 110.67278289794921875 113.71014404296875 116.7635955810546875 119.82634735107421875 122.89539337158203125 125.9804534912109375 129.0744476318359375 132.1776885986328125 135.290985107421875 138.410980224609375 141.5408477783203125 144.6730804443359375 147.815826416015625 150.9635162353515625 154.11700439453125 157.277069091796875 160.4410247802734375 163.610076904296875 166.7789154052734375 169.9582672119140625 173.1402130126953125 176.3269500732421875
56.808135986328125 59.318572998046875 61.864711761474609375 64.43209075927734375 67.03993988037109375 69.68926239013671875 72.3678436279296875 75.08826446533203125 77.84146881103515625 80.62113189697265625 83.43358612060546875 86.27263641357421875 89.134979248046875 92.02082061767578125 94.91927337646484375 97.84072113037109375 100.78710174560546875 103.7493743896484375 106.72905731201171875 109.72186279296875 112.73102569580078125 115.75384521484375 118.7887115478515625 121.838043212890625 124.8961181640625 127.9581298828125 131.0388336181640625 134.1262359619140625 137.2255706787109375 140.330322265625 143.4474334716796875 146.570037841796875 149.6979217529296875 152.832275390625 155.9739990234375 159.1212615966796875 162.273712158203125 165.4322662353515625 168.59478759765625 171.762176513671875 174.9296417236328125
56.77431488037109375 59.2183074951171875 61.70192718505859375 64.22205352783203125 66.7728118896484375 69.360748291015625 71.999755859375 74.6655426025390625 77.3716888427734375 80.1090240478515625 82.878753662109375 85.67082977294921875 88.4938201904296875 91.3397216796875 94.207550048828125 97.0972900390625 100.001739501953125 102.92798614501953125 105.87412261962890625 108.837005615234375 111.81595611572265625 114.8073272705078125 117.813507080078125 120.83341217041015625 123.8659515380859375 126.91059112548828125 129.964263916015625 133.0257110595703125 136.098388671875 139.182037353515625 142.2744598388671875 145.3751373291015625 148.4839935302734375 151.60089111328125 154.7252197265625 157.851348876953125 160.9875335693359375 164.1284942626953125 167.27532958984375 170.426605224609375 173.5839691162109375
56.79100799560546875 59.189418792724609375 61.605419158935546875 64.06655120849609375 66.56743621826171875 69.109710693359375 71.6915740966796875 74.31169891357421875 76.9647216796875 79.65484619140625 82.37894439697265625 85.135345458984375 87.91478729248046875 90.72325897216796875 93.55572509765625 96.40990447998046875 99.28488922119140625 102.171356201171875 105.08380126953125 108.0128936767578125 110.95880126953125 113.92221832275390625 116.90050506591796875 119.89051055908203125 122.8943328857421875 125.91066741943359375 128.941162109375 131.981719970703125 135.0313873291015625 138.0916290283203125 141.1565093994140625 144.2365264892578125 147.322601318359375 150.4192962646484375 153.5210418701171875 156.633819580078125 159.7507476806640625 162.87646484375 166.00140380859375 169.13916015625 172.2793121337890625
56.87091064453125 59.200862884521484375 61.569713592529296875 63.969478607177734375 66.42095947265625 68.91056060791015625 71.4429168701171875 74.0159454345703125 76.6269378662109375 79.2715301513671875 81.947601318359375 84.66100311279296875 87.40172576904296875 90.17053985595703125 92.9598236083984375 95.7767791748046875 98.61767578125 101.47864532470703125 104.3603515625 107.2501068115234375 110.1642303466796875 113.09539794921875 116.04114532470703125 119.00531768798828125 121.98267364501953125 124.97133636474609375 127.97335052490234375 130.9871826171875 134.01483154296875 137.0515289306640625 140.0997467041015625 143.1560821533203125 146.215362548828125 149.2915191650390625 152.37396240234375 155.46478271484375 158.562896728515625 161.667510986328125 164.78106689453125 167.8997650146484375 171.0239410400390625
57.004047393798828125 59.27751922607421875 61.587677001953125 63.94057464599609375 66.3255615234375 68.7697296142578125 71.2531280517578125 73.7768402099609375 76.34078216552734375 78.94258880615234375 81.57912445068359375 84.24207305908203125 86.9419403076171875 89.66738128662109375 92.424468994140625 95.20316314697265625 98.00792694091796875 100.83473968505859375 103.68088531494140625 106.54575347900390625 109.4313201904296875 112.3267669677734375 115.24234771728515625 118.17552947998046875 121.12111663818359375 124.08629608154296875 127.06285858154296875 130.05047607421875 133.0508270263671875 136.0630645751953125 139.0873260498046875 142.1199798583984375 145.1666107177734375 148.219207763671875 151.2775115966796875 154.3459320068359375 157.4247283935546875 160.509185791015625 163.6032867431640625 166.702880859375 169.8113250732421875
57.182804107666015625 59.399959564208984375 61.656124114990234375 63.95024871826171875 66.29681396484375 68.677032470703125 71.1174468994140625 73.59557342529296875 76.10973358154296875 78.66388702392578125 81.257354736328125 83.88639068603515625 86.53958892822265625 89.22638702392578125 91.94463348388671875 94.68900299072265625 97.45754241943359375 100.24393463134765625 103.05660247802734375 105.89232635498046875 108.74503326416015625 111.61563873291015625 114.49973297119140625 117.4010772705078125 120.3179779052734375 123.253265380859375 126.199554443359375 129.1655731201171875 132.1414794921875 135.128143310546875 138.1268768310546875 141.1374969482421875 144.1592254638671875 147.18975830078125 150.232147216796875 153.280975341796875 156.338165283203125 159.4005126953125 162.4755859375 165.5566864013671875 168.6457366943359375
57.402721405029296875 59.571208953857421875 61.771816253662109375 64.0157623291015625 66.3078155517578125 68.64766693115234375 71.0254058837890625 73.46129608154296875 75.93733978271484375 78.447509765625 80.99359893798828125 83.57839202880859375 86.1962890625 88.84166717529296875 91.516632080078125 94.224395751953125 96.95339202880859375 99.7095489501953125 102.48674774169921875 105.28768157958984375 108.109588623046875 110.9487762451171875 113.80829620361328125 116.68527984619140625 119.56977081298828125 122.47406768798828125 125.39321136474609375 128.3306121826171875 131.2779693603515625 134.243438720703125 137.2187042236328125 140.204437255859375 143.2015380859375 146.2104949951171875 149.229736328125 152.2582550048828125 155.296875 158.3427734375 161.39678955078125 164.4562225341796875 167.5274810791015625
57.671611785888671875 59.779056549072265625 61.928958892822265625 64.12744140625 66.36763763427734375 68.65898895263671875 70.9986724853515625 73.3736572265625 75.8054046630859375 78.27629852294921875 80.78347015380859375 83.32268524169921875 85.90019989013671875 88.50864410400390625 91.14734649658203125 93.80950164794921875 96.5034027099609375 99.2234954833984375 101.97156524658203125 104.73960113525390625 107.5232391357421875 110.33306884765625 113.16202545166015625 116.008056640625 118.8699798583984375 121.7512054443359375 124.64110565185546875 127.54897308349609375 130.4694366455078125 133.407379150390625 136.3554840087890625 139.320281982421875 142.294677734375 145.279327392578125 148.2747650146484375 151.2820587158203125 154.298828125 157.3253021240234375 160.3602447509765625 163.4045562744140625 166.4551544189453125
57.980175018310546875 60.0330352783203125 62.12863922119140625 64.2715301513671875 66.4734039306640625 68.7137603759765625 71.00713348388671875 73.3461456298828125 75.7205352783203125 78.14917755126953125 80.615875244140625 83.11940765380859375 85.65123748779296875 88.221405029296875 90.821258544921875 93.4524078369140625 96.1050567626953125 98.7891845703125 101.50173187255859375 104.234405517578125 106.9903106689453125 109.7654876708984375 112.56302642822265625 115.37969970703125 118.21515655517578125 121.0661773681640625 123.9329376220703125 126.8156585693359375 129.7096710205078125 132.620697021484375 135.54315185546875 138.4828338623046875 141.4310150146484375 144.3951416015625 147.368927001953125 150.3526611328125 153.34661865234375 156.35235595703125 159.3666534423828125 162.3909912109375 165.4222869873046875
58.3189697265625 60.323917388916015625 62.369869232177734375 64.46324920654296875 66.617523193359375 68.81539154052734375 71.0597991943359375 73.3545379638671875 75.6929168701171875 78.06679534912109375 80.49207305908203125 82.9543609619140625 85.45455169677734375 87.9810943603515625 90.54224395751953125 93.13393402099609375 95.75707244873046875 98.40332794189453125 101.0771331787109375 103.77931976318359375 106.49759674072265625 109.24929046630859375 112.01674652099609375 114.79772186279296875 117.60443115234375 120.4283294677734375 123.2666168212890625 126.12435150146484375 128.99676513671875 131.878692626953125 134.777618408203125 137.6904296875 140.6160125732421875 143.5561370849609375 146.5049896240234375 149.4685821533203125 152.441986083984375 155.4265899658203125 158.41766357421875 161.421234130859375 164.4329071044921875
58.700592041015625 60.643070220947265625 62.648052215576171875 64.69216156005859375 66.79639434814453125 68.95404815673828125 71.154815673828125 73.40583038330078125 75.700592041015625 78.03943634033203125 80.41495513916015625 82.8352813720703125 85.2931060791015625 87.78945159912109375 90.3105926513671875 92.86257171630859375 95.45043182373046875 98.06688690185546875 100.706878662109375 103.36847686767578125 106.0570831298828125 108.77417755126953125 111.51047515869140625 114.266204833984375 117.04125213623046875 119.835601806640625 122.6457061767578125 125.47723388671875 128.3219757080078125 131.1819305419921875 134.0589599609375 136.942596435546875 139.8438262939453125 142.759674072265625 145.6875762939453125 148.6275482177734375 151.5786895751953125 154.5409698486328125 157.5134429931640625 160.4967193603515625 163.4875640869140625
59.100566864013671875 61.003879547119140625 62.958332061767578125 64.9578094482421875 67.01532745361328125 69.12805938720703125 71.28815460205078125 73.49356842041015625 75.7498931884765625 78.04564666748046875 80.3846588134765625 82.7616424560546875 85.1792449951171875 87.6328582763671875 90.12429046630859375 92.63983154296875 95.18819427490234375 97.76973724365234375 100.376434326171875 103.0099639892578125 105.66428375244140625 108.34481048583984375 111.05062103271484375 113.77203369140625 116.5224151611328125 119.28821563720703125 122.070526123046875 124.872589111328125 127.69129180908203125 130.5257415771484375 133.3753662109375 136.2393798828125 139.1198272705078125 142.0077667236328125 144.9109954833984375 147.82720947265625 150.7568817138671875 153.69769287109375 156.64984130859375 159.61163330078125 162.58349609375
59.536289215087890625 61.3883514404296875 63.29509735107421875 65.259063720703125 67.27433013916015625 69.33341217041015625 71.4568328857421875 73.62256622314453125 75.83475494384765625 78.0929412841796875 80.390167236328125 82.73006439208984375 85.10587310791015625 87.520538330078125 89.97314453125 92.45957183837890625 94.9701690673828125 97.51416015625 100.08850860595703125 102.68701934814453125 105.31266021728515625 107.9593048095703125 110.630706787109375 113.32677459716796875 116.04229736328125 118.78177642822265625 121.53759002685546875 124.31060028076171875 127.10277557373046875 129.909576416015625 132.7352752685546875 135.574859619140625 138.43035888671875 141.2995452880859375 144.1792449951171875 147.0711669921875 149.9774169921875 152.8946990966796875 155.8250885009765625 158.7665863037109375 161.7191619873046875
