Galini-C#/arrivalTime.asc
ncols        126
nrows        126
xllcorner    0.000000000000
yllcorner    0.000000000000
cellsize     30.000000000000
NODATA_value  -9999
[rows 19 to 37 of 126, columns 0 to 40 of 126]
236.3649139404296875 232.8822021484375 229.4115447998046875 225.951446533203125 222.50177001953125 219.0628204345703125 215.6367645263671875 212.2234649658203125 208.820892333984375 205.429168701171875 202.0487518310546875 198.67913818359375 195.32147216796875 191.9773712158203125 188.64410400390625 185.3216705322265625 182.00994873046875 178.7069244384765625 175.4120635986328125 172.1171112060546875 168.821563720703125 165.5268096923828125 162.2322235107421875 158.9370269775390625 155.6470489501953125 152.356658935546875 149.0666656494140625 145.77655029296875 142.4856414794921875 139.207550048828125 135.9305267333984375 132.654205322265625 129.3803558349609375 126.1085662841796875 122.84377288818359375 119.5781707763671875 116.31522369384765625 113.06464385986328125 109.81415557861328125 106.5658416748046875 103.32997894287109375
233.5470123291015625 230.0679779052734375 226.6006927490234375 223.14434814453125 219.6987762451171875 216.2638397216796875 212.839569091796875 209.4261322021484375 206.0263519287109375 202.637451171875 199.2592315673828125 195.8917999267578125 192.5364227294921875 189.1920318603515625 185.85833740234375 182.536651611328125 179.2283935546875 175.9216156005859375 172.613922119140625 169.30560302734375 165.9983062744140625 162.6939697265625 159.38787841796875 156.0813446044921875 152.7748870849609375 149.4731903076171875 146.1737823486328125 142.87384033203125 139.5746612548828125 136.2750701904296875 132.9786376953125 129.6846160888671875 126.39015960693359375 123.09490966796875 119.8033447265625 116.5224456787109375 113.24156951904296875 109.96102142333984375 106.68421173095703125 103.41449737548828125 100.14392852783203125
230.7970733642578125 227.3209075927734375 223.8553466796875 220.400421142578125 216.9561309814453125 213.5224761962890625 210.1040496826171875 206.6966552734375 203.30010986328125 199.9143524169921875 196.539886474609375 193.1762542724609375 189.8235626220703125 186.48187255859375 183.152587890625 179.83380126953125 176.5176849365234375 173.20086669921875 169.8845672607421875 166.570556640625 163.2559356689453125 159.9406890869140625 156.62451171875 153.307525634765625 149.989898681640625 146.6778717041015625 143.365570068359375 140.0525054931640625 136.7388458251953125 133.42828369140625 130.1175689697265625 126.80620574951171875 123.4965667724609375 120.19261932373046875 116.88692474365234375 113.58150482177734375 110.27765655517578125 106.9780120849609375 103.67522430419921875 100.3734893798828125 97.080535888671875
228.1064910888671875 224.636077880859375 221.1766204833984375 217.729095458984375 214.2923126220703125 210.866302490234375 207.4509124755859375 204.0463104248046875 200.652679443359375 197.2698211669921875 193.8977203369140625 190.5381317138671875 187.1899566650390625 183.8526611328125 180.5262451171875 177.204986572265625 173.880828857421875 170.55401611328125 167.2283172607421875 163.903106689453125 160.5818023681640625 157.260955810546875 153.939483642578125 150.6174774169921875 147.2952728271484375 143.9726104736328125 140.6493682861328125 137.3255157470703125 134.001068115234375 130.6785888671875 127.35701751708984375 124.03469085693359375 120.71196746826171875 117.38808441162109375 114.0684814453125 110.74957275390625 107.42971038818359375 104.109832763671875 100.78907012939453125 97.4664154052734375 94.15541839599609375
225.4707183837890625 222.00604248046875 218.552215576171875 215.109100341796875 211.678466796875 208.2584991455078125 204.849609375 201.4515533447265625 198.0642242431640625 194.6877899169921875 191.3222808837890625 187.967681884765625 184.624114990234375 181.2914581298828125 177.9661407470703125 174.6408538818359375 171.3149566650390625 167.98846435546875 164.661346435546875 161.3336029052734375 158.005218505859375 154.6761932373046875 151.3477630615234375 148.0191650390625 144.69000244140625 141.360260009765625 138.0299224853515625 134.6988372802734375 131.367218017578125 128.035308837890625 124.7030029296875 121.369110107421875 118.03118896484375 114.69423675537109375 111.36151885986328125 108.03133392333984375 104.69966888427734375 101.3666534423828125 98.0336456298828125 94.699981689453125 91.368438720703125
222.8995361328125 219.442352294921875 215.99591064453125 212.560211181640625 209.1351165771484375 205.7210845947265625 202.3178253173828125 198.9253082275390625 195.5438995361328125 192.17315673828125 188.813385009765625 185.464691162109375 182.12689208984375 178.7982940673828125 175.4703521728515625 172.1418609619140625 168.8127593994140625 165.4830322265625 162.1529388427734375 158.8224029541015625 155.4912567138671875 152.1595001220703125 148.827117919921875 145.4940948486328125 142.1604461669921875 138.826171875 135.49127197265625 132.1558837890625 128.819549560546875 125.47983551025390625 122.14157867431640625 118.80544281005859375 115.46851348876953125 112.13027191162109375 108.7906341552734375 105.45062255859375 102.10979461669921875 98.76819610595703125 95.42529296875 92.0814056396484375 88.73651123046875
220.3905181884765625 216.9402008056640625 213.5005950927734375 210.071746826171875 206.6537322998046875 203.246551513671875 199.8501739501953125 196.46484375 193.0901947021484375 189.7265167236328125 186.3739166259765625 183.0322113037109375 179.701019287109375 176.3722991943359375 173.0425262451171875 169.7119598388671875 166.381591796875 163.05047607421875 159.718658447265625 156.3860626220703125 153.052825927734375 149.719207763671875 146.3849639892578125 143.0500946044921875 139.714599609375 136.3785247802734375 133.0418701171875 129.704620361328125 126.36667633056640625 123.028045654296875 119.68862152099609375 116.34815216064453125 113.0066375732421875 109.6644744873046875 106.32186126708984375 102.976776123046875 99.62943267822265625 96.28246307373046875 92.9347991943359375 89.5858154296875 86.2357025146484375
217.9412689208984375 214.498870849609375 211.0672149658203125 207.64642333984375 204.2364044189453125 200.8372039794921875 197.4490203857421875 194.0715179443359375 190.704986572265625 187.349517822265625 184.004913330078125 180.671234130859375 177.34295654296875 174.014007568359375 170.6844940185546875 167.3543701171875 164.023529052734375 160.691986083984375 157.3603057861328125 154.0286712646484375 150.6955108642578125 147.362335205078125 144.028533935546875 140.694091796875 137.3590087890625 134.0233154296875 130.6869659423828125 127.34992218017578125 124.0121612548828125 120.6736602783203125 117.3342437744140625 113.99376678466796875 110.65225982666015625 107.30968475341796875 103.96588897705078125 100.6215362548828125 97.27666473388671875 93.9302825927734375 90.5825958251953125 87.23523712158203125 83.8857879638671875
215.5433197021484375 212.1161041259765625 208.693511962890625 205.2816925048828125 201.8806915283203125 198.4907073974609375 195.1114654541015625 191.74310302734375 188.38580322265625 185.039306640625 181.70379638671875 178.376739501953125 175.0496978759765625 171.7220306396484375 168.39373779296875 165.0648651123046875 161.7359466552734375 158.406829833984375 155.0768280029296875 151.745635986328125 148.413787841796875 145.0819854736328125 141.7494659423828125 138.41632080078125 135.082489013671875 131.747955322265625 128.4128265380859375 125.07707977294921875 121.7423095703125 118.408203125 115.0733642578125 111.73802947998046875 108.4016571044921875 105.06415557861328125 101.72551727294921875 98.3860321044921875 95.0459442138671875 91.7069549560546875 88.36635589599609375 85.0237579345703125 81.6797332763671875
213.2206573486328125 209.7958984375 206.3818817138671875 202.978607177734375 199.5863494873046875 196.20477294921875 192.833984375 189.47412109375 186.1253814697265625 182.7902374267578125 179.4652862548828125 176.142303466796875 172.8187255859375 169.4945526123046875 166.1697845458984375 162.8444061279296875 159.51837158203125 156.1924591064453125 152.86614990234375 149.5391693115234375 146.2112274169921875 142.88250732421875 139.5554351806640625 136.2280426025390625 132.900146484375 129.5716552734375 126.241943359375 122.91021728515625 119.57897186279296875 116.24878692626953125 112.92238616943359375 109.59514617919921875 106.26720428466796875 102.9381866455078125 99.6070556640625 96.2720947265625 92.94461822509765625 89.61782073974609375 86.29003143310546875 82.96106719970703125 79.63604736328125
210.94952392578125 207.5356292724609375 204.1324920654296875 200.740234375 197.3588104248046875 193.98809814453125 190.628265380859375 187.28082275390625 183.9446563720703125 180.6193695068359375 177.2992706298828125 173.9784393310546875 170.65728759765625 167.3365325927734375 164.015106201171875 160.693023681640625 157.3702850341796875 154.0474090576171875 150.7277069091796875 147.4074249267578125 144.086517333984375 140.7650299072265625 137.442962646484375 134.1223907470703125 130.801177978515625 127.47917938232421875 124.1576690673828125 120.8394775390625 117.52045440673828125 114.20053863525390625 110.8819427490234375 107.56256103515625 104.24204254150390625 100.929931640625 97.6169891357421875 94.30405426025390625 90.98976898193359375 87.67507171630859375 84.36534881591796875 81.05463409423828125 77.7462310791015625
208.739288330078125 205.3354339599609375 201.9422607421875 198.560089111328125 195.1885833740234375 191.828369140625 188.4828033447265625 185.148101806640625 181.824462890625 178.5091705322265625 175.1937103271484375 171.877532958984375 168.5615081787109375 165.2464447021484375 161.931304931640625 158.6154632568359375 155.2989044189453125 151.9850921630859375 148.67193603515625 145.358428955078125 142.0438690185546875 138.73016357421875 135.41796875 132.105133056640625 128.791595458984375 125.48270416259765625 122.17702484130859375 118.870574951171875 115.5634613037109375 112.25662994384765625 108.9487152099609375 105.6451416015625 102.34185791015625 99.038665771484375 95.7353515625 92.43909454345703125 89.14141845703125 85.8438720703125 82.555938720703125 79.26642608642578125 75.986358642578125
206.5882415771484375 203.1951446533203125 199.8152313232421875 196.4462127685546875 193.0878448486328125 189.740997314453125 186.40509033203125 183.0809478759765625 179.7697296142578125 176.46240234375 173.154083251953125 169.8445587158203125 166.5347137451171875 163.227691650390625 159.9207000732421875 156.613525390625 153.3057708740234375 149.9987945556640625 146.6955108642578125 143.39434814453125 140.0891265869140625 136.7846527099609375 133.4831085205078125 130.180877685546875 126.88047027587890625 123.58286285400390625 120.28487396240234375 116.98743438720703125 113.68964385986328125 110.39879608154296875 107.10721588134765625 103.81589508056640625 100.5273895263671875 97.243804931640625 93.9612884521484375 90.6817626953125 87.4123687744140625 84.14232635498046875 80.87757110595703125 77.6145172119140625 74.3674468994140625
204.499298095703125 201.1200408935546875 197.751373291015625 194.3932647705078125 191.04833984375 187.715911865234375 184.3943328857421875 181.0842437744140625 177.7811279296875 174.4775543212890625 171.178253173828125 167.8795166015625 164.5802459716796875 161.2800750732421875 157.9797210693359375 154.6821441650390625 151.3839569091796875 148.08538818359375 144.79144287109375 141.4969482421875 138.202911376953125 134.9095306396484375 131.6154632568359375 128.328826904296875 125.04181671142578125 121.7554931640625 118.46881866455078125 115.18768310546875 111.90826416015625 108.63067626953125 105.35286712646484375 102.08647918701171875 98.82067108154296875 95.55538177490234375 92.29697418212890625 89.03647613525390625 85.79296875 82.55370330810546875 79.31610870361328125 76.094696044921875 72.87973785400390625
202.4680633544921875 199.1002655029296875 195.7455291748046875 192.4048004150390625 189.0750732421875 185.756072998046875 182.447784423828125 179.1497650146484375 175.856201171875 172.5618133544921875 169.266845703125 165.974609375 162.68408203125 159.3929595947265625 156.102783203125 152.812835693359375 149.52227783203125 146.237884521484375 142.95404052734375 139.6703033447265625 136.3875732421875 133.104278564453125 129.829071044921875 126.55329132080078125 123.280029296875 120.0067596435546875 116.7411041259765625 113.47821044921875 110.21741485595703125 106.95904541015625 103.70520782470703125 100.451416015625 97.20830535888671875 93.968902587890625 90.73394775390625 87.510955810546875 84.294464111328125 81.08438873291015625 77.89965057373046875 74.7102203369140625 71.53668975830078125
200.4978485107421875 197.1461334228515625 193.805145263671875 190.4755096435546875 187.1571502685546875 183.852996826171875 180.559417724609375 177.2710113525390625 173.9851226806640625 170.6983489990234375 167.411163330078125 164.1291046142578125 160.848358154296875 157.567108154296875 154.2874755859375 151.0075531005859375 147.729705810546875 144.4571075439453125 141.183929443359375 137.9136199951171875 134.6434326171875 131.37774658203125 128.1181640625 124.85945892333984375 121.60271453857421875 118.35050201416015625 115.10031890869140625 111.85027313232421875 108.61038970947265625 105.37316131591796875 102.14173126220703125 98.91536712646484375 95.69866943359375 92.488677978515625 89.28278350830078125 86.10439300537109375 82.9190521240234375 79.74933624267578125 76.58625030517578125 73.44477081298828125 70.31036376953125
198.582550048828125 195.242462158203125 191.9169921875 188.6021270751953125 185.297607421875 182.007232666015625 178.7277679443359375 175.4482421875 172.170196533203125 168.8935699462890625 165.61669921875 162.344757080078125 159.0745086669921875 155.802520751953125 152.53558349609375 149.2683868408203125 146.001678466796875 142.74456787109375 139.486968994140625 136.232574462890625 132.9782867431640625 129.7311248779296875 126.4842071533203125 123.2373199462890625 120.00075531005859375 116.76706695556640625 113.5380401611328125 110.30991363525390625 107.0966339111328125 103.8818511962890625 100.680023193359375 97.479736328125 94.3021392822265625 91.11932373046875 87.950958251953125 84.78774261474609375 81.645416259765625 78.5064697265625 75.391632080078125 72.2889556884765625 69.2148284912109375
196.720428466796875 193.395416259765625 190.0815277099609375 186.78216552734375 183.4935150146484375 180.215576171875 176.9472503662109375 173.6790618896484375 170.4096832275390625 167.1452484130859375 163.8811492919921875 160.616607666015625 157.361419677734375 154.10552978515625 150.8499603271484375 147.5984039306640625 144.3486785888671875 141.103607177734375 137.8594970703125 134.6156158447265625 131.3825225830078125 128.1508331298828125 124.9217987060546875 121.6968231201171875 118.48076629638671875 115.270172119140625 112.06307220458984375 108.86347198486328125 105.67168426513671875 102.49275970458984375 99.3134307861328125 96.14654541015625 92.9855194091796875 89.83972930908203125 86.702911376953125 83.5792083740234375 80.47194671630859375 77.383880615234375 74.31293487548828125 71.25942230224609375 68.22519683837890625
194.9075164794921875 191.5988616943359375 188.30145263671875 185.0150299072265625 181.743621826171875 178.4813079833984375 175.2196807861328125 171.963836669921875 168.7115936279296875 165.45648193359375 162.206207275390625 158.9569244384765625 155.7116546630859375 152.4686126708984375 149.22705078125 145.98541259765625 142.754425048828125 139.525543212890625 136.297821044921875 133.0757904052734375 129.8558197021484375 126.64593505859375 123.43659210205078125 120.23712158203125 117.04084014892578125 113.85478973388671875 110.67812347412109375 107.50183868408203125 104.33621978759765625 101.1769561767578125 98.02813720703125 94.8928680419921875 91.76149749755859375 88.6504974365234375 85.55078125 82.47504425048828125 79.40660858154296875 76.36089324951171875 73.3336334228515625 70.3344268798828125 67.35550689697265625
